7.690000000000000000e+03 6.239853331166858759e-03 4.510903191840325878e-03 6.142618978020066272e-04
7.695000000000000000e+03 3.782602880585038841e-03 3.758430770027544002e-03 7.574746931989480639e-04
7.700000000000000000e+03 8.293363302528554068e-03 8.827247676303506124e-03 3.605071210110652024e-03
7.706000000000000000e+03 7.522008580134317834e-02 5.607564782853738383e-02 2.281161219432138385e-02
7.707000000000000000e+03 6.837349435948010534e-02 5.847316842964157130e-02 4.787852805557871183e-02
7.708000000000000000e+03 7.622817597163085435e-02 6.797430583687796846e-02 5.074935346651050783e-02
7.709000000000000000e+03 7.966471753406870193e-02 8.853925996967533518e-02 4.410790754194600372e-02
7.710000000000000000e+03 8.570275037612913593e-02 1.266729133989632494e-01 4.832593828042489742e-02
7.711000000000000000e+03 1.057170634960564459e-01 1.856307876220325559e-01 5.094606024094371077e-02
7.712000000000000000e+03 1.521943638582785308e-01 2.770875256693108302e-01 6.061561650708902765e-02
7.713000000000000000e+03 2.354564069303760609e-01 4.095379370602567626e-01 8.075843646281831434e-02
7.714000000000000000e+03 3.547224325176931425e-01 5.421493600629331278e-01 1.200957856962977105e-01
7.715000000000000000e+03 4.604696288355827338e-01 6.631289019276446206e-01 2.100586790401565429e-01
7.716000000000000000e+03 5.506142317971169931e-01 8.081531509280722725e-01 3.618290743767441087e-01
7.717000000000000000e+03 6.485595743789163148e-01 1.038738686477953310e+00 4.460559887971651816e-01
7.718000000000000000e+03 7.809044912068211497e-01 1.284537138679318957e+00 4.828164736792673328e-01
7.719000000000000000e+03 9.236055571355215044e-01 1.438748647544166648e+00 5.637076499174533684e-01
7.720000000000000000e+03 1.005075568778013961e+00 1.547303869666043719e+00 6.684301214695753668e-01
7.721000000000000000e+03 1.070267661248540225e+00 1.692467242049503273e+00 7.646241487946794368e-01
7.722000000000000000e+03 1.140779091401643575e+00 1.813429295406358444e+00 8.821435699646540396e-01
7.723000000000000000e+03 1.259851455415951671e+00 1.758941287912141993e+00 1.108931243327989202e+00
7.724000000000000000e+03 1.451573267425365632e+00 1.580075904984365787e+00 1.422962895329573652e+00
7.725000000000000000e+03 1.624110096078449139e+00 1.389822568627416377e+00 1.668225223529442136e+00
7.726000000000000000e+03 1.642231025068646044e+00 1.254073312828539954e+00 1.739560633032562587e+00
7.727000000000000000e+03 1.525520524461005278e+00 1.178813835437086732e+00 1.686154440689930478e+00
7.728000000000000000e+03 1.375063200744819358e+00 1.127562301842420345e+00 1.603314437514709034e+00
7.729000000000000000e+03 1.264145955250785436e+00 1.059232267241380976e+00 1.503812200313482395e+00
7.730000000000000000e+03 1.210643641480602550e+00 9.840242093771868204e-01 1.379144935957665297e+00
7.731000000000000000e+03 1.185746176654911777e+00 9.316925220720645440e-01 1.277932485037194921e+00
7.732000000000000000e+03 1.172463356851992433e+00 9.088131724745442952e-01 1.231803526859817755e+00
7.733000000000000000e+03 1.167412945340641883e+00 9.115692215818347321e-01 1.229075928347691526e+00
7.734000000000000000e+03 1.163082975342463632e+00 9.377954815068555439e-01 1.239011279452055581e+00
7.735000000000000000e+03 1.145668632863849901e+00 9.848026502347413391e-01 1.232549502190923407e+00
7.736000000000000000e+03 1.123427980829426964e+00 1.038987584428781252e+00 1.208313793036001726e+00
7.737000000000000000e+03 1.108940430191631021e+00 1.074570338521704027e+00 1.182152270786078985e+00
7.738000000000000000e+03 1.114297311336978069e+00 1.077543671774828571e+00 1.167030106333076134e+00
7.739000000000000000e+03 1.126591940914420942e+00 1.054814985697534624e+00 1.170390020984761081e+00
7.740000000000000000e+03 1.130099328487688348e+00 1.018324034583807380e+00 1.191713038452530959e+00
7.742000000000000000e+03 1.101920515892221397e+00 9.628323877157295430e-01 1.237486714057012271e+00
7.744000000000000000e+03 1.056956014754097728e+00 9.309309037704913692e-01 1.224490758469944707e+00
7.746000000000000000e+03 1.012893570822151812e+00 9.070631280998435741e-01 1.171891803970356527e+00
7.748000000000000000e+03 9.832733827627898604e-01 9.004359030045226975e-01 1.098788229842486919e+00
7.750000000000000000e+03 9.560978935136018597e-01 9.105782035634656379e-01 1.020041723322693494e+00
7.752000000000000000e+03 9.296355667813900325e-01 9.365947721861052067e-01 9.640088797514350105e-01
7.754000000000000000e+03 9.085880080992152497e-01 9.632203009871900257e-01 9.396941821498833169e-01
7.756000000000000000e+03 8.991810033606846275e-01 9.829785056850821601e-01 9.434445935686499585e-01
7.758000000000000000e+03 9.038403587088100766e-01 1.002399976182292596e+00 9.665185269961797943e-01
7.760000000000000000e+03 9.144365635137430282e-01 1.051406114088888399e+00 9.848034784031656219e-01
7.765000000000000000e+03 9.501310878470671240e-01 1.202926047302363521e+00 9.703924183206104059e-01
7.770000000000000000e+03 1.019705410185360872e+00 1.252491624439710183e+00 1.027483762462047645e+00
7.775000000000000000e+03 1.076622463947596975e+00 1.174520044001198915e+00 1.116950688984810425e+00
7.780000000000000000e+03 1.162579245481031309e+00 1.069492211220123057e+00 1.222731344048041624e+00
7.785000000000000000e+03 1.166520566189656494e+00 1.009132822130515805e+00 1.250406970126477502e+00
7.790000000000000000e+03 1.153161498821197783e+00 9.707982622937110229e-01 1.214880188145865292e+00
7.795000000000000000e+03 1.115014757590759409e+00 9.952320425319028940e-01 1.180931852354235589e+00
7.800000000000000000e+03 1.106651300000000004e+00 1.002442700000000020e+00 1.175871600000000017e+00
