-90.00 7730.000 27
-89.00 7756.000 45
-88.00 7726.000 23
-87.00 7714.000 11
-86.00 7742.000 38
-85.00 7706.000 3
-84.00 7756.000 45
-83.00 7785.000 52
-82.00 7729.000 26
-81.00 7724.000 21
-80.00 7742.000 38
-79.00 7706.000 3
-78.00 7790.000 53
-77.00 7713.000 10
-76.00 7730.000 27
-75.00 7731.000 28
-74.00 7713.000 10
-73.00 7721.000 18
-72.00 7734.000 31
-71.00 7721.000 18
-70.00 7721.000 18
-69.00 7712.000 9
-68.00 7725.000 22
-67.00 7709.000 6
-66.00 7748.000 41
-65.00 7744.000 39
-64.00 7732.000 29
-63.00 7725.000 22
-62.00 7740.000 37
-61.00 7735.000 32
-60.00 7734.000 31
-59.00 7723.000 20
-58.00 7719.000 16
-57.00 7800.000 55
-56.00 7715.000 12
-55.00 7737.000 34
-54.00 7785.000 52
-53.00 7729.000 26
-52.00 7744.000 39
-51.00 7712.000 9
-50.00 7695.000 1
-49.00 7750.000 42
-48.00 7758.000 46
-47.00 7690.000 0
-46.00 7760.000 47
-45.00 7736.000 33
-44.00 7727.000 24
-43.00 7719.000 16
-42.00 7711.000 8
-41.00 7780.000 51
-40.00 7748.000 41
-39.00 7719.000 16
-38.00 7717.000 14
-37.00 7739.000 36
-36.00 7726.000 23
-35.00 7752.000 43
-34.00 7711.000 8
-33.00 7712.000 9
-32.00 7707.000 4
-31.00 7706.000 3
-30.00 7737.000 34
-29.00 7690.000 0
-28.00 7712.000 9
-27.00 7708.000 5
-26.00 7706.000 3
-25.00 7700.000 2
-24.00 7740.000 37
-23.00 7727.000 24
-22.00 7765.000 48
-21.00 7724.000 21
-20.00 7780.000 51
-19.00 7758.000 46
-18.00 7721.000 18
-17.00 7708.000 5
-16.00 7726.000 23
-15.00 7737.000 34
-14.00 7729.000 26
-13.00 7711.000 8
-12.00 7715.000 12
-11.00 7714.000 11
-10.00 7800.000 55
-9.00 7724.000 21
-8.00 7739.000 36
-7.00 7690.000 0
-6.00 7800.000 55
-5.00 7725.000 22
-4.00 7740.000 37
-3.00 7729.000 26
-2.00 7790.000 53
-1.00 7709.000 6
0.00 7733.000 30
1.00 7790.000 53
2.00 7724.000 21
3.00 7711.000 8
4.00 7706.000 3
5.00 7734.000 31
6.00 7707.000 4
7.00 7690.000 0
8.00 7775.000 50
9.00 7732.000 29
10.00 7780.000 51
11.00 7738.000 35
12.00 7723.000 20
13.00 7735.000 32
14.00 7739.000 36
15.00 7729.000 26
16.00 7714.000 11
17.00 7780.000 51
18.00 7707.000 4
19.00 7754.000 44
20.00 7744.000 39
21.00 7718.000 15
22.00 7765.000 48
23.00 7690.000 0
24.00 7714.000 11
25.00 7785.000 52
26.00 7712.000 9
27.00 7720.000 17
28.00 7740.000 37
29.00 7711.000 8
30.00 7727.000 24
31.00 7690.000 0
32.00 7712.000 9
33.00 7706.000 3
34.00 7723.000 20
35.00 7714.000 11
36.00 7732.000 29
37.00 7721.000 18
38.00 7752.000 43
39.00 7795.000 54
40.00 7800.000 55
41.00 7800.000 55
42.00 7714.000 11
43.00 7695.000 1
44.00 7795.000 54
45.00 7785.000 52
46.00 7732.000 29
47.00 7690.000 0
48.00 7721.000 18
49.00 7690.000 0
50.00 7800.000 55
51.00 7712.000 9
52.00 7732.000 29
53.00 7727.000 24
54.00 7724.000 21
55.00 7760.000 47
56.00 7718.000 15
57.00 7727.000 24
58.00 7721.000 18
59.00 7695.000 1
60.00 7716.000 13
61.00 7758.000 46
62.00 7721.000 18
63.00 7727.000 24
64.00 7728.000 25
65.00 7733.000 30
66.00 7795.000 54
67.00 7720.000 17
68.00 7736.000 33
69.00 7729.000 26
70.00 7750.000 42
71.00 7700.000 2
72.00 7756.000 45
73.00 7711.000 8
74.00 7716.000 13
75.00 7706.000 3
76.00 7717.000 14
77.00 7731.000 28
78.00 7754.000 44
79.00 7707.000 4
80.00 7731.000 28
81.00 7732.000 29
82.00 7717.000 14
83.00 7760.000 47
84.00 7736.000 33
85.00 7713.000 10
86.00 7770.000 49
87.00 7785.000 52
88.00 7740.000 37
89.00 7728.000 25
90.00 7754.000 44
