7.090000000000000000e+03 3.154267498324860204e-03 -3.162748583278497281e-04
7.095000000000000000e+03 5.271284580143944382e-03 -1.789164622478269222e-04
7.100000000000000000e+03 9.188885123223631754e-03 7.972958975727197648e-04
7.105000000000000000e+03 2.035459911929376683e-02 3.556312265251806472e-03
7.106000000000000000e+03 2.568288359383380515e-02 4.601922240971445532e-03
7.107000000000000000e+03 3.498000192157445232e-02 5.986631458664138858e-03
7.108000000000000000e+03 5.566260706798484975e-02 8.021013099518909187e-03
7.109000000000000000e+03 1.193371864009777905e-01 1.181815716751861978e-02
7.110000000000000000e+03 2.278028011791027596e-01 2.177689642897814512e-02
7.111000000000000000e+03 2.984782083772733463e-01 4.440622312149371254e-02
7.112000000000000000e+03 3.543144273049226856e-01 6.101764575744689917e-02
7.113000000000000000e+03 3.914216723964518141e-01 6.254843132569683217e-02
7.114000000000000000e+03 4.103765447249248521e-01 5.919111897734647548e-02
7.115000000000000000e+03 4.260715790837025785e-01 6.364981007298850524e-02
7.116000000000000000e+03 4.631831233637593304e-01 6.862127750813336313e-02
7.117000000000000000e+03 5.264228464724863832e-01 7.949510720670864561e-02
7.118000000000000000e+03 5.976504807253416596e-01 1.051970873761478298e-01
7.119000000000000000e+03 6.687677183121776281e-01 1.582901828248526321e-01
7.120000000000000000e+03 7.322094028435873758e-01 2.566119190020264562e-01
7.121000000000000000e+03 7.857545526073052011e-01 4.032692127236403024e-01
7.122000000000000000e+03 8.320994585194153581e-01 5.373903556928415481e-01
7.123000000000000000e+03 8.739929925450784509e-01 6.567081804208035889e-01
7.124000000000000000e+03 9.128914485881554075e-01 7.992223744494387772e-01
7.125000000000000000e+03 9.491848369145677866e-01 9.524572665981454467e-01
7.126000000000000000e+03 9.828237284717641353e-01 1.087928552459640041e+00
7.127000000000000000e+03 1.015367172270217999e+00 1.199400218421023512e+00
7.128000000000000000e+03 1.041405556122445120e+00 1.253471014285710616e+00
7.129000000000000000e+03 1.053433778462770309e+00 1.267440539911937503e+00
7.130000000000000000e+03 1.046698885320355377e+00 1.295869458394164564e+00
7.131000000000000000e+03 1.027845873597485138e+00 1.329859821224013139e+00
7.132000000000000000e+03 1.008526564409059301e+00 1.329249516124690222e+00
7.133000000000000000e+03 9.941946144356129667e-01 1.294900385827848277e+00
7.134000000000000000e+03 9.842194984086781728e-01 1.249558365822774686e+00
7.135000000000000000e+03 9.786072507120618935e-01 1.211669588063117198e+00
7.136000000000000000e+03 9.778518584870512509e-01 1.180207275473432071e+00
7.137000000000000000e+03 9.811329191531423799e-01 1.145352256104430921e+00
7.138000000000000000e+03 9.861992397145133982e-01 1.105165569032504402e+00
7.139000000000000000e+03 9.898759083305881390e-01 1.065902001918417774e+00
7.140000000000000000e+03 9.900722981904036546e-01 1.032036310313555472e+00
7.141000000000000000e+03 9.874781818704104763e-01 1.005312153682256460e+00
7.145000000000000000e+03 9.947036440517780242e-01 9.808380866619381688e-01
7.150000000000000000e+03 1.029370971429735659e+00 9.041148094166990834e-01
7.155000000000000000e+03 1.040278604080385305e+00 8.252998637418796912e-01
7.160000000000000000e+03 1.037594663636362435e+00 7.975739552000006283e-01
7.165000000000000000e+03 1.017795753320580143e+00 8.288689079147288918e-01
7.170000000000000000e+03 9.987805678160620593e-01 8.983310475661419048e-01
7.175000000000000000e+03 9.717697279121767506e-01 9.874919977299135843e-01
7.180000000000000000e+03 9.609953439185563440e-01 1.009277022122653023e+00
7.185000000000000000e+03 9.804665378642910545e-01 1.000331884240970526e+00
7.190000000000000000e+03 1.014458548616307798e+00 9.889111777463885922e-01
7.195000000000000000e+03 1.023148031838043925e+00 9.656500196465507280e-01
7.200000000000000000e+03 1.003780000710743581e+00 9.405302395405537030e-01
